// New

Player = [1]
Snow = [32,33,34,35,36,37,38,39,48,49,50,51,52,53,54,55,72]
Ice  = [66,67,68,69,82,83,84,85,98,99,100,101,114,115,116,117]
Entitys = [23,22,18]
Collectables = [26,28]
Collectables2 = [20,8]
obj16x16 = [64,65,80,81,70,71]
Spikes  = [17,27,43,56]
visuals = [44,60,61,62,63]
background = [16,40,41,42,56,57,58,88,103,104]

// OLD

Player = [1]
Snow = [65,66,67,68,69,70,71,72,81,82,83,84,85,86,87,88,105]
Ice  = [99,100,101,102,115,116,117,118,131,132,133,134,147,148,149,150]
Entitys = [51,55,56]
Collectables = [59,61]
Collectables2 = [41,53]
obj16x16 = [97,98,113,114,103,104,119,120,129,130,145,146]
Spikes  = [50,60,76,92]
visuals = [77,93,94,95,96]
background = [49,73,74,75,89,90,91,121,136,137]
